31991248725
31998182370
31973007102
31991176142
31996740048
31998876907
31997300737
31986283304
31991059458
31994551060
31972353689
31992445521
31985656939
31997341388
31989566468
31982382277
31975531333
31996254185
31997583151
31975040877
31995804141
31993605820
31975076811
31987726890
31988611393
31971084200
31996712998
31987865707
31996540893
31971852407
31986901216
31996338883
31987547005
31986098122
31991449906
31994515645
31988074566
31991726642
31985880068
31998618670
31991566918
31991411244
33999307640
31993089588
31998713646
31991904091
31973425809
31995841864
31989772923
31988618509
31999745826
31971090392
31999180314
31999776431
31972484745
31982331609
31998737088
31988249550
31997106354
31998465372
31992985358
31984261452
31993482700
31992931544
31991218712
31996006692
31992635662
31996281809
31971504456
31991153234
31995145886
31988913301
91999518815
31987474974
31973626170
31996273909
31989876338
31988597918
31994444498
34997194233
31989702449
31997222324
31999662189
31983990082
31991194333
31988864791
31996663555
31985433920
31972068969
31994092217
31998037153
31984584441
31982359757
31998309289
31975644937
31995062324
31987553599
31996036561
31992475590
31997715397
31996802497
31996668970
31999756787
31989800240
31988275142
31993582865
31993819186
31988864751
31997639922
31975781744
31997060832
31997871804
31992546608
31988047546
31983450317
31991825096
31985800874
31991605173
31988606139
31999470917
31982075144
31982188056
31975063726
31998369553
31999137040
31994191975
31988579259
31999579338
31988074070
31983378150
75991362656
11952853452
31986193587
31971330529
31971993476
31987638397
31982205100
31973130544
31995016414
31986102010
31986182010
31996669759
31982177144
31995704925
31996919350
31986675099
31991182565
31997384143
31984480064
31989662142
31991529910
31989106407
31982158782
31992095631
31992736435
31992103721
31986129093
31993093277
31992436756
31994409149
31983810055
31989645461
31987228308
31986713334
31991494576
31992295310
31984976610
31988529461
31999155143
31992661722
31996939750
31992069523
31997798303
undefined
31989069150
31971848375
31972372953
31991973561
31971165063
31989815981
31992931544
31986000362
31991100165
31983662039
31999042420
31999143781
31982282932
31992978930
31993982608
31999130206
31992967615
31971779951
31998409676
31996711016
31972249398
31992472487
31975959770
31999269692
31985350834
31971649081
31975157534
31971774645
31993208957
31971872233
31971968349
31990728449
31994736430
31989709426
31986786219
31998260037
31973186233
31997100856
31998149764
31995805391
31973011681
31975751579
31994649336
31991619467
31992942737
31975546806
31987131595
31987037894
31997533063
31987227619
31975316122
31992420756
31983154229
31999893957
31991650171
31999666628
31975749196
31987189819
31993006959
31996989639
31983112190
31983045494
31992729293
38992065015
31993160824
31999615673
31996646507
31971031499
31997918856
31971620269
31999340360
31994336281
31975570071
31991839681
31996220870
31992655703
31985275801
31987094308
31973608522
31986072221
31996844471
31994775525
31991901156
31990691221
31996566508
31993940579
31996954835
31992872884
31981191866
31973392430
31988958163
31998444332
31999696940
31983759935
31989269716
3182347851
31993021756
31992508079
31996188423
31973016307
31972079773
31988213550
31989653251
31986409783
31996128748
31999040626
31982289021
31998231077
31986987047
31988958606
31985138274
31992181260
31998224859
31988407408
31985566119
31993735347
31982796660
31987630279
31985454297
31991129116
31982923233
31989229541
31993957921
31971537649
31993545317
31983128070
31992919414
31995727797
31971307004
31983808988
31985569048
31995517161
31999241317
31996545025
31318653545
31989155777
31981160042
31997749178
31998756043
31983446480
31995168749
31975077978
31988405583
31983833020
31998786987
31991561015
31973657013
31991917971
31971497005
31982487640
31988547641
31994466590
31997690898
31991534611
31972491739
31990905111
31989857284
31992467524
31986685911
31998599795
31994545678
31971960466
31993807106
31986724671
31997771426
31996999924
31985053998
31997304673
31992734535
31996324636
31971197469
31998475939
31994904386
31992040839
31986093566
31986534227
31990874505
31975291760
31993714394
31994366287
31988545429
31992822194
31985656467
31999068283
31990903577
31984496506
31991464252
31986232621
31992097266
55318742792
31992715154
39996753942
31984403509
38998235693
31992009432
31975833216
31999389046
31971034677
31983217585
31993072510
31991919846
31987412045
31988508138
31997767511
31985422940
31973073846
31971263570
31992050331
31973540933
31991876888
31996548046
31994402531
31988532505
31991838259
31987767274
31991838617
31972565207
31993523987
31995395789
31991945134
31997288561
31992104452
31988074681
31987951088
31987015935
31997767919
31986071072
31996149976
31989880718
31991521120
31973173014
31992698250
31990674708
31994047664
31986437622
31996691014
31987457004
31997729087
31997491336
31992312059
31994856041
31995083436
31989117725
31989155445
31996638551
31996248982
31991023189
31971957728
31993258318
31988337082
31983366674
31996524170
31993812470
31988646264
31988693373
31993783944
31995071340
31975379504
31989908560
31998309386
31987412845
31996406268
31985088228
31971721500
31971235419
31972551805
31997228203
31989879106
31994438212
31999118256
31997940206
31991046089
31973091291
31985711987
31994480805
31994206512
31996387572
31991926286
31987492726
31992572114
31986493610
31991520881
31999965103
31972456508
31985392732
31971611862
31986469217
31986136169
31999303316
31987339929
31993823452
31980138203
31987946330
31999735815
31988886053
31997155040
31972410897
31987955469
31987963006
31990627748
31997889336
31987200214
31996246659
3193626207
31995318339
31997581754
31991042332
31973556310
31995093754
31998607622
31994712115
31987480005
24992711906
31995090443
31986067437
31988742029
31987650906
31997475327
31993543252
31986551376
31988260679
31984990769
31975580376
3198053998
31983451635
31982540846
31999389090
31983258431
31993028977
31975598002
31985022746
31989612601
31999036509
31989533760
31994089686
31983250802
31997897165
31971990101
31971005780
31993742072
31975436740
31992404702
31993119328
31983298213
31987730840
31989861633
31991094786
31972052522
31986535457
31991399797
31975917544
31987747720
31996776962
31982448899
31986884486
31994870618
31998295160
31996522862
31997903876
31975644977
31998756263
31973618095
31980122081
31984966304
31972532305
31992659536
31999380875
31972298455
31972259187
31989486408
31972551989
31991491540
31975966850
31991436551
31984464294
31985984633
31999404902
31991944010
31999817779
31998310658
31973118860
31987961040
31986320641
31998675945
31988809640
31995037913
31995276461
31986681372
31972078386
31996435314
31991762077
31993106248
31994024031
31992331880
31984899684
31995822574
31986983686
31982263663
31971202929
31987643191
37998437824
31986513404
31982424333
31982368155
31983418584
31998410874
31993015316
31992455631
31983757420
31993159431
31986648760
31985079086
31995678185
31991176142
31988852591
31985721165
31985551608
5531986690573
31992254656
31991975206
31989359713
31996727305
31995218051
31973558158
31994945967
31996092974
31989495197
31992024545
31995514893
31994816822
31987032294
31971188751
31996553663
31971522615
31995378900
31992433151
31987905538
31995184950
31987638807
31992122268
31996983403
31992551669
31999212965
31995137676
31982189298
31993885143
31992991802
31997076313
31994367372
31997589351
31997797310
31989614364
31991599067
31996459794
31998847613
31992940029
31972127674
rogeriodefrenteapizzaria
31991897712
31991241486
31993199324
31984072101
31996919350
31992548240
31996120624
31971343349
31972480406
31985217978
31991160515
wsautomotivo
31992203122
31981157020
31984128533
31973142405
31985693547
31991871879
31993027007
31993383250
31997003280
31996040187
31996871269
31992014410
31993470865
31991776156
31998089562
31993898447
31996185030
31991868708
31989093439
31995067529
31992202337
31992661756
31984117806
31992483371
31983551448
31986836100
31985278064
31972127809
31973186115
31994831065
35418017
31996517586
31973431215
31983241543
31987501520
31993132105
31989492695
isabela
34991369809
31994749618
EMILLYPASSOS
31997787259
31991829910
31983230362
31992293021
31995479555
31998502253
31987146547
31989150584
31994008875
31972159925
31986322693
31991736064
31991788490
31971601996
31991987927
31989275564
31996732529
31984367177
31992302923
31995151258
31990887574
31998656796
31998929786
GeraldoMingu
31997190720
31999118390
31995151258
31994444375
31995803433
31992996292
31991981709
31994190462
31971623871
31987631733
31994515447
31988275142
31975455050
31996197098
31998204549
31985169824
31993323408
31989808050
31995109706
31987013209
31988315650
31975698028
31997874240
31986035286
31991450997
31985814789
31993697542
darley
31999997965
31991124078
31995083235
31998745086
31971162555
31991728407
31994350036
31999893957
31985575614
31975958564
GulhermeMG30
31992996292
LarissaBicalalho
31987840727
31986311664
31992502264
31998505980
31982580964
31996292072
31973585446
31996976480
31991557398
31986702533
31984853728
31996676737
31997379294
31983987618
31986514552
31986831493
31999561235
31989741850
31982535822
31987714559
31991647584
31991277129
31987141059
31984562961
31999710882
31971656674
31997761890
31991093212
31999932614
31994982148
31998479631
31975009525
31982443492
31997962938
31987932238
31982004454
31982925029
31995420168
31985245898
31997583151
31988440122
31975797193
Flans
31971718250
31983577758
31996755519
31986902856
31993740354
31996626841
31980212898
31997768158
31971114954
31992954747
31989390713
31991176142